CATMULL_ROM
80
12
0.750000 0.000000
0.649519 0.375000
0.375000 0.649519
0.000000 0.750000
-0.375000 0.649519
-0.649519 0.375000
-0.750000 0.000000
-0.649519 -0.375000
-0.375000 -0.649519
-0.000000 -0.750000
0.375000 -0.649519
0.649519 -0.375000
1.0
0.0 0.0 1.0 0.0
0.200000 0.000000 0.000000
0.750000 0.000000
0.649519 0.375000
0.375000 0.649519
0.000000 0.750000
-0.375000 0.649519
-0.649519 0.375000
-0.750000 0.000000
-0.649519 -0.375000
-0.375000 -0.649519
-0.000000 -0.750000
0.375000 -0.649519
0.649519 -0.375000
1.0
0.0 0.0 1.0 0.0
0.207054 0.040000 0.031293
0.750000 0.000000
0.649519 0.375000
0.375000 0.649519
0.000000 0.750000
-0.375000 0.649519
-0.649519 0.375000
-0.750000 0.000000
-0.649519 -0.375000
-0.375000 -0.649519
-0.000000 -0.750000
0.375000 -0.649519
0.649519 -0.375000
1.0
0.0 0.0 1.0 0.0
0.209459 0.080000 0.064793
0.750000 0.000000
0.649519 0.375000
0.375000 0.649519
0.000000 0.750000
-0.375000 0.649519
-0.649519 0.375000
-0.750000 0.000000
-0.649519 -0.375000
-0.375000 -0.649519
-0.000000 -0.750000
0.375000 -0.649519
0.649519 -0.375000
1.0
0.0 0.0 1.0 0.0
0.206709 0.120000 0.099852
0.750000 0.000000
0.649519 0.375000
0.375000 0.649519
0.000000 0.750000
-0.375000 0.649519
-0.649519 0.375000
-0.750000 0.000000
-0.649519 -0.375000
-0.375000 -0.649519
-0.000000 -0.750000
0.375000 -0.649519
0.649519 -0.375000
1.0
0.0 0.0 1.0 0.0
0.198375 0.160000 0.135716
0.750000 0.000000
0.649519 0.375000
0.375000 0.649519
0.000000 0.750000
-0.375000 0.649519
-0.649519 0.375000
-0.750000 0.000000
-0.649519 -0.375000
-0.375000 -0.649519
-0.000000 -0.750000
0.375000 -0.649519
0.649519 -0.375000
1.0
0.0 0.0 1.0 0.0
0.184137 0.200000 0.171541
0.750000 0.000000
0.649519 0.375000
0.375000 0.649519
0.000000 0.750000
-0.375000 0.649519
-0.649519 0.375000
-0.750000 0.000000
-0.649519 -0.375000
-0.375000 -0.649519
-0.000000 -0.750000
0.375000 -0.649519
0.649519 -0.375000
1.0
0.0 0.0 1.0 0.0
0.163791 0.240000 0.206402
0.750000 0.000000
0.649519 0.375000
0.375000 0.649519
0.000000 0.750000
-0.375000 0.649519
-0.649519 0.375000
-0.750000 0.000000
-0.649519 -0.375000
-0.375000 -0.649519
-0.000000 -0.750000
0.375000 -0.649519
0.649519 -0.375000
1.0
0.0 0.0 1.0 0.0
0.137272 0.280000 0.239309
0.750000 0.000000
0.649519 0.375000
0.375000 0.649519
0.000000 0.750000
-0.375000 0.649519
-0.649519 0.375000
-0.750000 0.000000
-0.649519 -0.375000
-0.375000 -0.649519
-0.000000 -0.750000
0.375000 -0.649519
0.649519 -0.375000
1.0
0.0 0.0 1.0 0.0
0.104670 0.320000 0.269227
0.750000 0.000000
0.649519 0.375000
0.375000 0.649519
0.000000 0.750000
-0.375000 0.649519
-0.649519 0.375000
-0.750000 0.000000
-0.649519 -0.375000
-0.375000 -0.649519
-0.000000 -0.750000
0.375000 -0.649519
0.649519 -0.375000
1.0
0.0 0.0 1.0 0.0
0.066237 0.360000 0.295099
0.750000 0.000000
0.649519 0.375000
0.375000 0.649519
0.000000 0.750000
-0.375000 0.649519
-0.649519 0.375000
-0.750000 0.000000
-0.649519 -0.375000
-0.375000 -0.649519
-0.000000 -0.750000
0.375000 -0.649519
0.649519 -0.375000
1.0
0.0 0.0 1.0 0.0
0.022400 0.400000 0.315871
0.750000 0.000000
0.649519 0.375000
0.375000 0.649519
0.000000 0.750000
-0.375000 0.649519
-0.649519 0.375000
-0.750000 0.000000
-0.649519 -0.375000
-0.375000 -0.649519
-0.000000 -0.750000
0.375000 -0.649519
0.649519 -0.375000
1.0
0.0 0.0 1.0 0.0
-0.026233 0.440000 0.330515
0.750000 0.000000
0.649519 0.375000
0.375000 0.649519
0.000000 0.750000
-0.375000 0.649519
-0.649519 0.375000
-0.750000 0.000000
-0.649519 -0.375000
-0.375000 -0.649519
-0.000000 -0.750000
0.375000 -0.649519
0.649519 -0.375000
1.0
0.0 0.0 1.0 0.0
-0.078872 0.480000 0.338067
0.750000 0.000000
0.649519 0.375000
0.375000 0.649519
0.000000 0.750000
-0.375000 0.649519
-0.649519 0.375000
-0.750000 0.000000
-0.649519 -0.375000
-0.375000 -0.649519
-0.000000 -0.750000
0.375000 -0.649519
0.649519 -0.375000
1.0
0.0 0.0 1.0 0.0
-0.134550 0.520000 0.337649
0.750000 0.000000
0.649519 0.375000
0.375000 0.649519
0.000000 0.750000
-0.375000 0.649519
-0.649519 0.375000
-0.750000 0.000000
-0.649519 -0.375000
-0.375000 -0.649519
-0.000000 -0.750000
0.375000 -0.649519
0.649519 -0.375000
1.0
0.0 0.0 1.0 0.0
-0.192125 0.560000 0.328505
0.750000 0.000000
0.649519 0.375000
0.375000 0.649519
0.000000 0.750000
-0.375000 0.649519
-0.649519 0.375000
-0.750000 0.000000
-0.649519 -0.375000
-0.375000 -0.649519
-0.000000 -0.750000
0.375000 -0.649519
0.649519 -0.375000
1.0
0.0 0.0 1.0 0.0
-0.250301 0.600000 0.310030
0.750000 0.000000
0.649519 0.375000
0.375000 0.649519
0.000000 0.750000
-0.375000 0.649519
-0.649519 0.375000
-0.750000 0.000000
-0.649519 -0.375000
-0.375000 -0.649519
-0.000000 -0.750000
0.375000 -0.649519
0.649519 -0.375000
1.0
0.0 0.0 1.0 0.0
-0.307637 0.640000 0.281800
0.750000 0.000000
0.649519 0.375000
0.375000 0.649519
0.000000 0.750000
-0.375000 0.649519
-0.649519 0.375000
-0.750000 0.000000
-0.649519 -0.375000
-0.375000 -0.649519
-0.000000 -0.750000
0.375000 -0.649519
0.649519 -0.375000
1.0
0.0 0.0 1.0 0.0
-0.362579 0.680000 0.243604
0.750000 0.000000
0.649519 0.375000
0.375000 0.649519
0.000000 0.750000
-0.375000 0.649519
-0.649519 0.375000
-0.750000 0.000000
-0.649519 -0.375000
-0.375000 -0.649519
-0.000000 -0.750000
0.375000 -0.649519
0.649519 -0.375000
1.0
0.0 0.0 1.0 0.0
-0.413482 0.720000 0.195464
0.750000 0.000000
0.649519 0.375000
0.375000 0.649519
0.000000 0.750000
-0.375000 0.649519
-0.649519 0.375000
-0.750000 0.000000
-0.649519 -0.375000
-0.375000 -0.649519
-0.000000 -0.750000
0.375000 -0.649519
0.649519 -0.375000
1.0
0.0 0.0 1.0 0.0
-0.458648 0.760000 0.137662
0.750000 0.000000
0.649519 0.375000
0.375000 0.649519
0.000000 0.750000
-0.375000 0.649519
-0.649519 0.375000
-0.750000 0.000000
-0.649519 -0.375000
-0.375000 -0.649519
-0.000000 -0.750000
0.375000 -0.649519
0.649519 -0.375000
1.0
0.0 0.0 1.0 0.0
-0.496362 0.800000 0.070755
0.750000 0.000000
0.649519 0.375000
0.375000 0.649519
0.000000 0.750000
-0.375000 0.649519
-0.649519 0.375000
-0.750000 0.000000
-0.649519 -0.375000
-0.375000 -0.649519
-0.000000 -0.750000
0.375000 -0.649519
0.649519 -0.375000
1.0
0.0 0.0 1.0 0.0
-0.524938 0.840000 -0.004413
0.750000 0.000000
0.649519 0.375000
0.375000 0.649519
0.000000 0.750000
-0.375000 0.649519
-0.649519 0.375000
-0.750000 0.000000
-0.649519 -0.375000
-0.375000 -0.649519
-0.000000 -0.750000
0.375000 -0.649519
0.649519 -0.375000
1.0
0.0 0.0 1.0 0.0
-0.542761 0.880000 -0.086704
0.750000 0.000000
0.649519 0.375000
0.375000 0.649519
0.000000 0.750000
-0.375000 0.649519
-0.649519 0.375000
-0.750000 0.000000
-0.649519 -0.375000
-0.375000 -0.649519
-0.000000 -0.750000
0.375000 -0.649519
0.649519 -0.375000
1.0
0.0 0.0 1.0 0.0
-0.548337 0.920000 -0.174685
0.750000 0.000000
0.649519 0.375000
0.375000 0.649519
0.000000 0.750000
-0.375000 0.649519
-0.649519 0.375000
-0.750000 0.000000
-0.649519 -0.375000
-0.375000 -0.649519
-0.000000 -0.750000
0.375000 -0.649519
0.649519 -0.375000
1.0
0.0 0.0 1.0 0.0
-0.540343 0.960000 -0.266641
0.750000 0.000000
0.649519 0.375000
0.375000 0.649519
0.000000 0.750000
-0.375000 0.649519
-0.649519 0.375000
-0.750000 0.000000
-0.649519 -0.375000
-0.375000 -0.649519
-0.000000 -0.750000
0.375000 -0.649519
0.649519 -0.375000
1.0
0.0 0.0 1.0 0.0
-0.517680 1.000000 -0.360590
0.750000 0.000000
0.649519 0.375000
0.375000 0.649519
0.000000 0.750000
-0.375000 0.649519
-0.649519 0.375000
-0.750000 0.000000
-0.649519 -0.375000
-0.375000 -0.649519
-0.000000 -0.750000
0.375000 -0.649519
0.649519 -0.375000
1.0
0.0 0.0 1.0 0.0
-0.479517 1.040000 -0.454306
0.750000 0.000000
0.649519 0.375000
0.375000 0.649519
0.000000 0.750000
-0.375000 0.649519
-0.649519 0.375000
-0.750000 0.000000
-0.649519 -0.375000
-0.375000 -0.649519
-0.000000 -0.750000
0.375000 -0.649519
0.649519 -0.375000
1.0
0.0 0.0 1.0 0.0
-0.425345 1.080000 -0.545356
0.750000 0.000000
0.649519 0.375000
0.375000 0.649519
0.000000 0.750000
-0.375000 0.649519
-0.649519 0.375000
-0.750000 0.000000
-0.649519 -0.375000
-0.375000 -0.649519
-0.000000 -0.750000
0.375000 -0.649519
0.649519 -0.375000
1.0
0.0 0.0 1.0 0.0
-0.355017 1.120000 -0.631142
0.750000 0.000000
0.649519 0.375000
0.375000 0.649519
0.000000 0.750000
-0.375000 0.649519
-0.649519 0.375000
-0.750000 0.000000
-0.649519 -0.375000
-0.375000 -0.649519
-0.000000 -0.750000
0.375000 -0.649519
0.649519 -0.375000
1.0
0.0 0.0 1.0 0.0
-0.268786 1.160000 -0.708948
0.750000 0.000000
0.649519 0.375000
0.375000 0.649519
0.000000 0.750000
-0.375000 0.649519
-0.649519 0.375000
-0.750000 0.000000
-0.649519 -0.375000
-0.375000 -0.649519
-0.000000 -0.750000
0.375000 -0.649519
0.649519 -0.375000
1.0
0.0 0.0 1.0 0.0
-0.167339 1.200000 -0.776007
0.750000 0.000000
0.649519 0.375000
0.375000 0.649519
0.000000 0.750000
-0.375000 0.649519
-0.649519 0.375000
-0.750000 0.000000
-0.649519 -0.375000
-0.375000 -0.649519
-0.000000 -0.750000
0.375000 -0.649519
0.649519 -0.375000
1.0
0.0 0.0 1.0 0.0
-0.051822 1.240000 -0.829557
0.750000 0.000000
0.649519 0.375000
0.375000 0.649519
0.000000 0.750000
-0.375000 0.649519
-0.649519 0.375000
-0.750000 0.000000
-0.649519 -0.375000
-0.375000 -0.649519
-0.000000 -0.750000
0.375000 -0.649519
0.649519 -0.375000
1.0
0.0 0.0 1.0 0.0
0.076147 1.280000 -0.866922
0.750000 0.000000
0.649519 0.375000
0.375000 0.649519
0.000000 0.750000
-0.375000 0.649519
-0.649519 0.375000
-0.750000 0.000000
-0.649519 -0.375000
-0.375000 -0.649519
-0.000000 -0.750000
0.375000 -0.649519
0.649519 -0.375000
1.0
0.0 0.0 1.0 0.0
0.214476 1.320000 -0.885582
0.750000 0.000000
0.649519 0.375000
0.375000 0.649519
0.000000 0.750000
-0.375000 0.649519
-0.649519 0.375000
-0.750000 0.000000
-0.649519 -0.375000
-0.375000 -0.649519
-0.000000 -0.750000
0.375000 -0.649519
0.649519 -0.375000
1.0
0.0 0.0 1.0 0.0
0.360603 1.360000 -0.883256
0.750000 0.000000
0.649519 0.375000
0.375000 0.649519
0.000000 0.750000
-0.375000 0.649519
-0.649519 0.375000
-0.750000 0.000000
-0.649519 -0.375000
-0.375000 -0.649519
-0.000000 -0.750000
0.375000 -0.649519
0.649519 -0.375000
1.0
0.0 0.0 1.0 0.0
0.511519 1.400000 -0.857985
0.750000 0.000000
0.649519 0.375000
0.375000 0.649519
0.000000 0.750000
-0.375000 0.649519
-0.649519 0.375000
-0.750000 0.000000
-0.649519 -0.375000
-0.375000 -0.649519
-0.000000 -0.750000
0.375000 -0.649519
0.649519 -0.375000
1.0
0.0 0.0 1.0 0.0
0.663804 1.440000 -0.808209
0.750000 0.000000
0.649519 0.375000
0.375000 0.649519
0.000000 0.750000
-0.375000 0.649519
-0.649519 0.375000
-0.750000 0.000000
-0.649519 -0.375000
-0.375000 -0.649519
-0.000000 -0.750000
0.375000 -0.649519
0.649519 -0.375000
1.0
0.0 0.0 1.0 0.0
0.813672 1.480000 -0.732850
0.750000 0.000000
0.649519 0.375000
0.375000 0.649519
0.000000 0.750000
-0.375000 0.649519
-0.649519 0.375000
-0.750000 0.000000
-0.649519 -0.375000
-0.375000 -0.649519
-0.000000 -0.750000
0.375000 -0.649519
0.649519 -0.375000
1.0
0.0 0.0 1.0 0.0
0.957034 1.520000 -0.631384
0.750000 0.000000
0.649519 0.375000
0.375000 0.649519
0.000000 0.750000
-0.375000 0.649519
-0.649519 0.375000
-0.750000 0.000000
-0.649519 -0.375000
-0.375000 -0.649519
-0.000000 -0.750000
0.375000 -0.649519
0.649519 -0.375000
1.0
0.0 0.0 1.0 0.0
1.089576 1.560000 -0.503909
0.750000 0.000000
0.649519 0.375000
0.375000 0.649519
0.000000 0.750000
-0.375000 0.649519
-0.649519 0.375000
-0.750000 0.000000
-0.649519 -0.375000
-0.375000 -0.649519
-0.000000 -0.750000
0.375000 -0.649519
0.649519 -0.375000
1.0
0.0 0.0 1.0 0.0
1.206847 1.600000 -0.351200
0.750000 0.000000
0.649519 0.375000
0.375000 0.649519
0.000000 0.750000
-0.375000 0.649519
-0.649519 0.375000
-0.750000 0.000000
-0.649519 -0.375000
-0.375000 -0.649519
-0.000000 -0.750000
0.375000 -0.649519
0.649519 -0.375000
1.0
0.0 0.0 1.0 0.0
1.304360 1.640000 -0.174756
0.750000 0.000000
0.649519 0.375000
0.375000 0.649519
0.000000 0.750000
-0.375000 0.649519
-0.649519 0.375000
-0.750000 0.000000
-0.649519 -0.375000
-0.375000 -0.649519
-0.000000 -0.750000
0.375000 -0.649519
0.649519 -0.375000
1.0
0.0 0.0 1.0 0.0
1.377705 1.680000 0.023168
0.750000 0.000000
0.649519 0.375000
0.375000 0.649519
0.000000 0.750000
-0.375000 0.649519
-0.649519 0.375000
-0.750000 0.000000
-0.649519 -0.375000
-0.375000 -0.649519
-0.000000 -0.750000
0.375000 -0.649519
0.649519 -0.375000
1.0
0.0 0.0 1.0 0.0
1.422668 1.720000 0.239548
0.750000 0.000000
0.649519 0.375000
0.375000 0.649519
0.000000 0.750000
-0.375000 0.649519
-0.649519 0.375000
-0.750000 0.000000
-0.649519 -0.375000
-0.375000 -0.649519
-0.000000 -0.750000
0.375000 -0.649519
0.649519 -0.375000
1.0
0.0 0.0 1.0 0.0
1.435361 1.760000 0.470595
0.750000 0.000000
0.649519 0.375000
0.375000 0.649519
0.000000 0.750000
-0.375000 0.649519
-0.649519 0.375000
-0.750000 0.000000
-0.649519 -0.375000
-0.375000 -0.649519
-0.000000 -0.750000
0.375000 -0.649519
0.649519 -0.375000
1.0
0.0 0.0 1.0 0.0
1.412351 1.800000 0.711776
0.750000 0.000000
0.649519 0.375000
0.375000 0.649519
0.000000 0.750000
-0.375000 0.649519
-0.649519 0.375000
-0.750000 0.000000
-0.649519 -0.375000
-0.375000 -0.649519
-0.000000 -0.750000
0.375000 -0.649519
0.649519 -0.375000
1.0
0.0 0.0 1.0 0.0
1.350793 1.840000 0.957862
0.750000 0.000000
0.649519 0.375000
0.375000 0.649519
0.000000 0.750000
-0.375000 0.649519
-0.649519 0.375000
-0.750000 0.000000
-0.649519 -0.375000
-0.375000 -0.649519
-0.000000 -0.750000
0.375000 -0.649519
0.649519 -0.375000
1.0
0.0 0.0 1.0 0.0
1.248560 1.880000 1.202996
0.750000 0.000000
0.649519 0.375000
0.375000 0.649519
0.000000 0.750000
-0.375000 0.649519
-0.649519 0.375000
-0.750000 0.000000
-0.649519 -0.375000
-0.375000 -0.649519
-0.000000 -0.750000
0.375000 -0.649519
0.649519 -0.375000
1.0
0.0 0.0 1.0 0.0
1.104366 1.920000 1.440779
0.750000 0.000000
0.649519 0.375000
0.375000 0.649519
0.000000 0.750000
-0.375000 0.649519
-0.649519 0.375000
-0.750000 0.000000
-0.649519 -0.375000
-0.375000 -0.649519
-0.000000 -0.750000
0.375000 -0.649519
0.649519 -0.375000
1.0
0.0 0.0 1.0 0.0
0.917882 1.960000 1.664387
0.750000 0.000000
0.649519 0.375000
0.375000 0.649519
0.000000 0.750000
-0.375000 0.649519
-0.649519 0.375000
-0.750000 0.000000
-0.649519 -0.375000
-0.375000 -0.649519
-0.000000 -0.750000
0.375000 -0.649519
0.649519 -0.375000
1.0
0.0 0.0 1.0 0.0
0.689835 2.000000 1.866702
0.750000 0.000000
0.649519 0.375000
0.375000 0.649519
0.000000 0.750000
-0.375000 0.649519
-0.649519 0.375000
-0.750000 0.000000
-0.649519 -0.375000
-0.375000 -0.649519
-0.000000 -0.750000
0.375000 -0.649519
0.649519 -0.375000
1.0
0.0 0.0 1.0 0.0
0.422089 2.040000 2.040472
0.750000 0.000000
0.649519 0.375000
0.375000 0.649519
0.000000 0.750000
-0.375000 0.649519
-0.649519 0.375000
-0.750000 0.000000
-0.649519 -0.375000
-0.375000 -0.649519
-0.000000 -0.750000
0.375000 -0.649519
0.649519 -0.375000
1.0
0.0 0.0 1.0 0.0
0.117712 2.080000 2.178477
0.750000 0.000000
0.649519 0.375000
0.375000 0.649519
0.000000 0.750000
-0.375000 0.649519
-0.649519 0.375000
-0.750000 0.000000
-0.649519 -0.375000
-0.375000 -0.649519
-0.000000 -0.750000
0.375000 -0.649519
0.649519 -0.375000
1.0
0.0 0.0 1.0 0.0
-0.218993 2.120000 2.273724
0.750000 0.000000
0.649519 0.375000
0.375000 0.649519
0.000000 0.750000
-0.375000 0.649519
-0.649519 0.375000
-0.750000 0.000000
-0.649519 -0.375000
-0.375000 -0.649519
-0.000000 -0.750000
0.375000 -0.649519
0.649519 -0.375000
1.0
0.0 0.0 1.0 0.0
-0.582475 2.160000 2.319648
0.750000 0.000000
0.649519 0.375000
0.375000 0.649519
0.000000 0.750000
-0.375000 0.649519
-0.649519 0.375000
-0.750000 0.000000
-0.649519 -0.375000
-0.375000 -0.649519
-0.000000 -0.750000
0.375000 -0.649519
0.649519 -0.375000
1.0
0.0 0.0 1.0 0.0
-0.965962 2.200000 2.310319
0.750000 0.000000
0.649519 0.375000
0.375000 0.649519
0.000000 0.750000
-0.375000 0.649519
-0.649519 0.375000
-0.750000 0.000000
-0.649519 -0.375000
-0.375000 -0.649519
-0.000000 -0.750000
0.375000 -0.649519
0.649519 -0.375000
1.0
0.0 0.0 1.0 0.0
-1.361514 2.240000 2.240659
0.750000 0.000000
0.649519 0.375000
0.375000 0.649519
0.000000 0.750000
-0.375000 0.649519
-0.649519 0.375000
-0.750000 0.000000
-0.649519 -0.375000
-0.375000 -0.649519
-0.000000 -0.750000
0.375000 -0.649519
0.649519 -0.375000
1.0
0.0 0.0 1.0 0.0
-1.760117 2.280000 2.106651
0.750000 0.000000
0.649519 0.375000
0.375000 0.649519
0.000000 0.750000
-0.375000 0.649519
-0.649519 0.375000
-0.750000 0.000000
-0.649519 -0.375000
-0.375000 -0.649519
-0.000000 -0.750000
0.375000 -0.649519
0.649519 -0.375000
1.0
0.0 0.0 1.0 0.0
-2.151810 2.320000 1.905550
0.750000 0.000000
0.649519 0.375000
0.375000 0.649519
0.000000 0.750000
-0.375000 0.649519
-0.649519 0.375000
-0.750000 0.000000
-0.649519 -0.375000
-0.375000 -0.649519
-0.000000 -0.750000
0.375000 -0.649519
0.649519 -0.375000
1.0
0.0 0.0 1.0 0.0
-2.525852 2.360000 1.636071
0.750000 0.000000
0.649519 0.375000
0.375000 0.649519
0.000000 0.750000
-0.375000 0.649519
-0.649519 0.375000
-0.750000 0.000000
-0.649519 -0.375000
-0.375000 -0.649519
-0.000000 -0.750000
0.375000 -0.649519
0.649519 -0.375000
1.0
0.0 0.0 1.0 0.0
-2.870921 2.400000 1.298562
0.750000 0.000000
0.649519 0.375000
0.375000 0.649519
0.000000 0.750000
-0.375000 0.649519
-0.649519 0.375000
-0.750000 0.000000
-0.649519 -0.375000
-0.375000 -0.649519
-0.000000 -0.750000
0.375000 -0.649519
0.649519 -0.375000
1.0
0.0 0.0 1.0 0.0
-3.175351 2.440000 0.895160
0.750000 0.000000
0.649519 0.375000
0.375000 0.649519
0.000000 0.750000
-0.375000 0.649519
-0.649519 0.375000
-0.750000 0.000000
-0.649519 -0.375000
-0.375000 -0.649519
-0.000000 -0.750000
0.375000 -0.649519
0.649519 -0.375000
1.0
0.0 0.0 1.0 0.0
-3.427399 2.480000 0.429897
0.750000 0.000000
0.649519 0.375000
0.375000 0.649519
0.000000 0.750000
-0.375000 0.649519
-0.649519 0.375000
-0.750000 0.000000
-0.649519 -0.375000
-0.375000 -0.649519
-0.000000 -0.750000
0.375000 -0.649519
0.649519 -0.375000
1.0
0.0 0.0 1.0 0.0
-3.615539 2.520000 -0.091211
0.750000 0.000000
0.649519 0.375000
0.375000 0.649519
0.000000 0.750000
-0.375000 0.649519
-0.649519 0.375000
-0.750000 0.000000
-0.649519 -0.375000
-0.375000 -0.649519
-0.000000 -0.750000
0.375000 -0.649519
0.649519 -0.375000
1.0
0.0 0.0 1.0 0.0
-3.728779 2.560000 -0.660134
0.750000 0.000000
0.649519 0.375000
0.375000 0.649519
0.000000 0.750000
-0.375000 0.649519
-0.649519 0.375000
-0.750000 0.000000
-0.649519 -0.375000
-0.375000 -0.649519
-0.000000 -0.750000
0.375000 -0.649519
0.649519 -0.375000
1.0
0.0 0.0 1.0 0.0
-3.756996 2.600000 -1.266840
0.750000 0.000000
0.649519 0.375000
0.375000 0.649519
0.000000 0.750000
-0.375000 0.649519
-0.649519 0.375000
-0.750000 0.000000
-0.649519 -0.375000
-0.375000 -0.649519
-0.000000 -0.750000
0.375000 -0.649519
0.649519 -0.375000
1.0
0.0 0.0 1.0 0.0
-3.691280 2.640000 -1.899359
0.750000 0.000000
0.649519 0.375000
0.375000 0.649519
0.000000 0.750000
-0.375000 0.649519
-0.649519 0.375000
-0.750000 0.000000
-0.649519 -0.375000
-0.375000 -0.649519
-0.000000 -0.750000
0.375000 -0.649519
0.649519 -0.375000
1.0
0.0 0.0 1.0 0.0
-3.524278 2.680000 -2.543902
0.750000 0.000000
0.649519 0.375000
0.375000 0.649519
0.000000 0.750000
-0.375000 0.649519
-0.649519 0.375000
-0.750000 0.000000
-0.649519 -0.375000
-0.375000 -0.649519
-0.000000 -0.750000
0.375000 -0.649519
0.649519 -0.375000
1.0
0.0 0.0 1.0 0.0
-3.250538 2.720000 -3.185047
0.750000 0.000000
0.649519 0.375000
0.375000 0.649519
0.000000 0.750000
-0.375000 0.649519
-0.649519 0.375000
-0.750000 0.000000
-0.649519 -0.375000
-0.375000 -0.649519
-0.000000 -0.750000
0.375000 -0.649519
0.649519 -0.375000
1.0
0.0 0.0 1.0 0.0
-2.866827 2.760000 -3.805972
0.750000 0.000000
0.649519 0.375000
0.375000 0.649519
0.000000 0.750000
-0.375000 0.649519
-0.649519 0.375000
-0.750000 0.000000
-0.649519 -0.375000
-0.375000 -0.649519
-0.000000 -0.750000
0.375000 -0.649519
0.649519 -0.375000
1.0
0.0 0.0 1.0 0.0
-2.372430 2.800000 -4.388758
0.750000 0.000000
0.649519 0.375000
0.375000 0.649519
0.000000 0.750000
-0.375000 0.649519
-0.649519 0.375000
-0.750000 0.000000
-0.649519 -0.375000
-0.375000 -0.649519
-0.000000 -0.750000
0.375000 -0.649519
0.649519 -0.375000
1.0
0.0 0.0 1.0 0.0
-1.769411 2.840000 -4.914742
0.750000 0.000000
0.649519 0.375000
0.375000 0.649519
0.000000 0.750000
-0.375000 0.649519
-0.649519 0.375000
-0.750000 0.000000
-0.649519 -0.375000
-0.375000 -0.649519
-0.000000 -0.750000
0.375000 -0.649519
0.649519 -0.375000
1.0
0.0 0.0 1.0 0.0
-1.062827 2.880000 -5.364925
0.750000 0.000000
0.649519 0.375000
0.375000 0.649519
0.000000 0.750000
-0.375000 0.649519
-0.649519 0.375000
-0.750000 0.000000
-0.649519 -0.375000
-0.375000 -0.649519
-0.000000 -0.750000
0.375000 -0.649519
0.649519 -0.375000
1.0
0.0 0.0 1.0 0.0
-0.260885 2.920000 -5.720428
0.750000 0.000000
0.649519 0.375000
0.375000 0.649519
0.000000 0.750000
-0.375000 0.649519
-0.649519 0.375000
-0.750000 0.000000
-0.649519 -0.375000
-0.375000 -0.649519
-0.000000 -0.750000
0.375000 -0.649519
0.649519 -0.375000
1.0
0.0 0.0 1.0 0.0
0.624963 2.960000 -5.962993
0.750000 0.000000
0.649519 0.375000
0.375000 0.649519
0.000000 0.750000
-0.375000 0.649519
-0.649519 0.375000
-0.750000 0.000000
-0.649519 -0.375000
-0.375000 -0.649519
-0.000000 -0.750000
0.375000 -0.649519
0.649519 -0.375000
1.0
0.0 0.0 1.0 0.0
1.580006 3.000000 -6.075508
0.750000 0.000000
0.649519 0.375000
0.375000 0.649519
0.000000 0.750000
-0.375000 0.649519
-0.649519 0.375000
-0.750000 0.000000
-0.649519 -0.375000
-0.375000 -0.649519
-0.000000 -0.750000
0.375000 -0.649519
0.649519 -0.375000
1.0
0.0 0.0 1.0 0.0
2.586336 3.040000 -6.042560
0.750000 0.000000
0.649519 0.375000
0.375000 0.649519
0.000000 0.750000
-0.375000 0.649519
-0.649519 0.375000
-0.750000 0.000000
-0.649519 -0.375000
-0.375000 -0.649519
-0.000000 -0.750000
0.375000 -0.649519
0.649519 -0.375000
1.0
0.0 0.0 1.0 0.0
3.623001 3.080000 -5.850995
0.750000 0.000000
0.649519 0.375000
0.375000 0.649519
0.000000 0.750000
-0.375000 0.649519
-0.649519 0.375000
-0.750000 0.000000
-0.649519 -0.375000
-0.375000 -0.649519
-0.000000 -0.750000
0.375000 -0.649519
0.649519 -0.375000
1.0
0.0 0.0 1.0 0.0
4.666254 3.120000 -5.490470
0.750000 0.000000
0.649519 0.375000
0.375000 0.649519
0.000000 0.750000
-0.375000 0.649519
-0.649519 0.375000
-0.750000 0.000000
-0.649519 -0.375000
-0.375000 -0.649519
-0.000000 -0.750000
0.375000 -0.649519
0.649519 -0.375000
1.0
0.0 0.0 1.0 0.0
5.689889 3.160000 -4.953999
